-244.5442201, -8.6629401
-244.5325472, -8.6670129
-244.5236208, -8.6731221
-244.5174409, -8.6812675
-244.5124627, -8.6807585
-244.5105744, -8.6754979
-244.5062828, -8.6727827
-244.4983864, -8.6738009
-244.4829369, -8.6770252
-244.4630242, -8.6763464
-244.4510079, -8.6748191
-244.4444847, -8.6724433
-244.4345284, -8.6744797
-244.4280053, -8.6773646
-244.4194222, -8.6878856
-244.4165039, -8.6965398
-244.4158745, -8.7018566
-244.4126129, -8.7081349
-244.4076348, -8.7130557
-244.4035149, -8.7195035
-244.4017983, -8.7244241
-244.3956185, -8.7307020
-244.3863488, -8.7356225
-244.3794823, -8.7435969
-244.3760491, -8.7530981
-244.3751908, -8.7615811
-244.3715287, -8.7667839
-244.3711853, -8.7720432
-244.3761635, -8.7725522
-244.3778801, -8.7742487
-244.3816567, -8.7766238
-244.3852616, -8.7803561
-244.3854332, -8.7837491
-244.3881798, -8.7834098
-244.3895531, -8.7847670
-244.3914414, -8.7881599
-244.3929863, -8.7932493
-244.3951035, -8.7983385
-244.3935585, -8.8017314
-244.3937302, -8.8047849
-244.3921852, -8.8085169
-244.3985367, -8.8066509
-244.4023133, -8.8090258
-244.4047165, -8.8119096
-244.4074631, -8.8153023
-244.4119263, -8.8195431
-244.4184494, -8.8180164
-244.4217110, -8.8136060
-244.4254876, -8.8119096
-244.4290924, -8.8136060
-244.4326973, -8.8105525
-244.4371605, -8.8071598
-244.4426537, -8.8051241
-244.4507218, -8.8007135
-244.4589615, -8.7993564
-244.4658280, -8.7979993
-244.4718361, -8.8000350
-244.4721794, -8.7930796
-244.4759560, -8.7917225
-244.4769860, -8.7849366
-244.4822503, -8.7815437
-244.4904900, -8.7769631
-244.4971848, -8.7759452
-244.5011330, -8.7722128
-244.5057679, -8.7703467
-244.5140076, -8.7679715
-244.5141793, -8.7628818
-244.5157242, -8.7589797
-244.5195007, -8.7572831
-244.5270538, -8.7520236
-244.5344353, -8.7472730
-244.5433617, -8.7474426
-244.5491981, -8.7477820
-244.5467949, -8.7437100
-244.5447350, -8.7386200
-244.5475388, -8.7329643
-244.5516586, -8.7271954
-244.5502853, -8.7221052
-244.5427322, -8.7166755
-244.5420456, -8.7098883
-244.5489120, -8.7075127
-244.5582962, -8.7112458
-244.5624161, -8.7027616
-244.5613861, -8.6980104
-244.5699692, -8.6895259
-244.5727157, -8.6820595
-244.5651626, -8.6834170
-244.5548630, -8.6783262
-244.5521164, -8.6708595
-244.5493698, -8.6650896
-244.5449066, -8.6616956
{
  "coordinates": [
    [
      [
        -244.5442201,
        -8.6629401
      ],
      [
        -244.5325472,
        -8.6670129
      ],
      [
        -244.5236208,
        -8.6731221
      ],
      [
        -244.5174409,
        -8.6812675
      ],
      [
        -244.5124627,
        -8.6807585
      ],
      [
        -244.5105744,
        -8.6754979
      ],
      [
        -244.5062828,
        -8.6727827
      ],
      [
        -244.4983864,
        -8.6738009
      ],
      [
        -244.4829369,
        -8.6770252
      ],
      [
        -244.4630242,
        -8.6763464
      ],
      [
        -244.4510079,
        -8.6748191
      ],
      [
        -244.4444847,
        -8.6724433
      ],
      [
        -244.4345284,
        -8.6744797
      ],
      [
        -244.4280053,
        -8.6773646
      ],
      [
        -244.4194222,
        -8.6878856
      ],
      [
        -244.4165039,
        -8.6965398
      ],
      [
        -244.4158745,
        -8.7018566
      ],
      [
        -244.4126129,
        -8.7081349
      ],
      [
        -244.4076348,
        -8.7130557
      ],
      [
        -244.4035149,
        -8.7195035
      ],
      [
        -244.4017983,
        -8.7244241
      ],
      [
        -244.3956185,
        -8.730702
      ],
      [
        -244.3863488,
        -8.7356225
      ],
      [
        -244.3794823,
        -8.7435969
      ],
      [
        -244.3760491,
        -8.7530981
      ],
      [
        -244.3751908,
        -8.7615811
      ],
      [
        -244.3715287,
        -8.7667839
      ],
      [
        -244.3711853,
        -8.7720432
      ],
      [
        -244.3761635,
        -8.7725522
      ],
      [
        -244.3778801,
        -8.7742487
      ],
      [
        -244.3816567,
        -8.7766238
      ],
      [
        -244.3852616,
        -8.7803561
      ],
      [
        -244.3854332,
        -8.7837491
      ],
      [
        -244.3881798,
        -8.7834098
      ],
      [
        -244.3895531,
        -8.784767
      ],
      [
        -244.3914414,
        -8.7881599
      ],
      [
        -244.3929863,
        -8.7932493
      ],
      [
        -244.3951035,
        -8.7983385
      ],
      [
        -244.3935585,
        -8.8017314
      ],
      [
        -244.3937302,
        -8.8047849
      ],
      [
        -244.3921852,
        -8.8085169
      ],
      [
        -244.3985367,
        -8.8066509
      ],
      [
        -244.4023133,
        -8.8090258
      ],
      [
        -244.4047165,
        -8.8119096
      ],
      [
        -244.4074631,
        -8.8153023
      ],
      [
        -244.4119263,
        -8.8195431
      ],
      [
        -244.4184494,
        -8.8180164
      ],
      [
        -244.421711,
        -8.813606
      ],
      [
        -244.4254876,
        -8.8119096
      ],
      [
        -244.4290924,
        -8.813606
      ],
      [
        -244.4326973,
        -8.8105525
      ],
      [
        -244.4371605,
        -8.8071598
      ],
      [
        -244.4426537,
        -8.8051241
      ],
      [
        -244.4507218,
        -8.8007135
      ],
      [
        -244.4589615,
        -8.7993564
      ],
      [
        -244.465828,
        -8.7979993
      ],
      [
        -244.4718361,
        -8.800035
      ],
      [
        -244.4721794,
        -8.7930796
      ],
      [
        -244.475956,
        -8.7917225
      ],
      [
        -244.476986,
        -8.7849366
      ],
      [
        -244.4822503,
        -8.7815437
      ],
      [
        -244.49049,
        -8.7769631
      ],
      [
        -244.4971848,
        -8.7759452
      ],
      [
        -244.501133,
        -8.7722128
      ],
      [
        -244.5057679,
        -8.7703467
      ],
      [
        -244.5140076,
        -8.7679715
      ],
      [
        -244.5141793,
        -8.7628818
      ],
      [
        -244.5157242,
        -8.7589797
      ],
      [
        -244.5195007,
        -8.7572831
      ],
      [
        -244.5270538,
        -8.7520236
      ],
      [
        -244.5344353,
        -8.747273
      ],
      [
        -244.5433617,
        -8.7474426
      ],
      [
        -244.5491981,
        -8.747782
      ],
      [
        -244.5467949,
        -8.74371
      ],
      [
        -244.544735,
        -8.73862
      ],
      [
        -244.5475388,
        -8.7329643
      ],
      [
        -244.5516586,
        -8.7271954
      ],
      [
        -244.5502853,
        -8.7221052
      ],
      [
        -244.5427322,
        -8.7166755
      ],
      [
        -244.5420456,
        -8.7098883
      ],
      [
        -244.548912,
        -8.7075127
      ],
      [
        -244.5582962,
        -8.7112458
      ],
      [
        -244.5624161,
        -8.7027616
      ],
      [
        -244.5613861,
        -8.6980104
      ],
      [
        -244.5699692,
        -8.6895259
      ],
      [
        -244.5727157,
        -8.6820595
      ],
      [
        -244.5651626,
        -8.683417
      ],
      [
        -244.554863,
        -8.6783262
      ],
      [
        -244.5521164,
        -8.6708595
      ],
      [
        -244.5493698,
        -8.6650896
      ],
      [
        -244.5449066,
        -8.6616956
      ]
    ]
  ],
  "type": "LineString"
}