-250.4589842, 1.9283667
-250.0634763, 1.3576358
-249.6459959, 1.1819965
-249.0966795, 0.9624320
-248.5253904, 1.0283029
-247.9541013, 1.3576358
-247.0971677, 1.1600408
-246.4086910, 1.0209838
-245.9472652, 1.1455882
-244.3212886, 4.3476915
-244.0576167, 4.5228478
-243.6840816, 4.4790627
-242.1899410, 4.1505921
-242.3876949, 3.9972584
-242.1459956, 3.6685910
-242.4755855, 3.4055695
-242.5634761, 3.1205486
-242.2558589, 2.7477134
-241.9116209, 2.3076776
-242.1423338, 2.0004508
-242.1423338, 1.8029170
-241.9226072, 1.7151172
-241.5270994, 1.4077873
-241.1572261, 1.1077356
-241.0034175, 0.9650170
-241.2341304, 0.7893552
-241.5856929, 0.7783761
-241.9262691, 0.8662082
-242.0471187, 0.8222924
-242.2009273, 0.8113134
-242.3876949, 0.4599706
-242.5305171, -0.0121712
-242.5305171, -0.3964735
-242.3547359, -0.5611700
-242.5085445, -0.8685900
-242.7062984, -0.9344628
-242.9699703, -1.1650072
-243.1677242, -1.3077159
-243.4643550, -1.4613932
-243.4753413, -1.6370114
-243.7939449, -1.8345634
-243.5192867, -1.8711446
-243.5412593, -2.0686705
-243.4167475, -2.2881151
-243.4716791, -2.5404343
-243.6145014, -2.5623728
-243.6694330, -2.8475385
-243.7353510, -3.0449199
-243.8671869, -3.1545608
-243.6914057, -3.3628463
-243.5595698, -3.4614925
-243.7023920, -3.8011934
-243.7463373, -3.9983784
-243.9404290, -4.1115558
-243.9184564, -3.7938891
-244.0063470, -3.6514483
-244.1271966, -3.6514483
-244.5556634, -3.8596232
-245.3576653, -4.1882153
-245.4016107, -3.9253521
-245.3576653, -3.6185741
-245.5334466, -3.5089849
-245.9069818, -3.3336156
-246.0827630, -3.4103437
-246.3464349, -3.4870655
-246.4343255, -3.3664998
-246.4013665, -3.2020681
-246.5661614, -3.1911050
-246.6540521, -3.2678440
-246.9177239, -3.0705036
-247.0056146, -2.9937501
-247.0715325, -3.1691785
-246.9836419, -3.1801418
-247.4121087, -3.4541855
-247.5439446, -3.3993829
-247.7416985, -3.3336156
-248.0969231, -3.5272506
-248.2287590, -3.5601281
-248.1738274, -3.3628460
-248.2067864, -3.1435969
-248.1848137, -2.9681643
-248.3056633, -2.8365715
-248.4704583, -3.0668487
-248.6242669, -2.9133358
-248.9318840, -3.0778130
-249.0966790, -3.0449196
-249.2175286, -2.9791297
-249.3933098, -3.0558842
-249.4152825, -2.8804374
-249.6459954, -2.9462332
-249.7448723, -2.9571988
-249.7668450, -2.7268993
-249.8327629, -2.3978245
-249.8876946, -2.2222848
-249.8767083, -1.9808841
-250.1074211, -1.8711446
-249.9645989, -1.6845719
-249.9426262, -1.4321219
-250.0964348, -1.1906219
-250.2282708, -1.0588855
-250.4040520, -1.2564878
-250.5798333, -1.3223521
-250.5358879, -1.0479072
-250.3930657, -0.9930151
-250.5578606, -0.8722494
-250.6237786, -0.9161647
-250.7556145, -0.7734382
-250.6237786, -0.6856041
-250.8105461, -0.5428703
-250.9533684, -0.2903336
-250.8105461, -0.0487715
-250.8435051, 0.2147517
-251.0888666, 0.4636309
-251.0778802, 0.7051816
-251.0229486, 0.9686770
-251.0778802, 1.1443295
-250.9240717, 1.2870394
-250.9680170, 1.4846243
-250.7263177, 1.6163379
-250.5944818, 1.8907129
-250.4406732, 1.9346091
{
  "coordinates": [
    [
      [
        -250.4589842,
        1.9283667
      ],
      [
        -250.0634763,
        1.3576358
      ],
      [
        -249.6459959,
        1.1819965
      ],
      [
        -249.0966795,
        0.962432
      ],
      [
        -248.5253904,
        1.0283029
      ],
      [
        -247.9541013,
        1.3576358
      ],
      [
        -247.0971677,
        1.1600408
      ],
      [
        -246.408691,
        1.0209838
      ],
      [
        -245.9472652,
        1.1455882
      ],
      [
        -244.3212886,
        4.3476915
      ],
      [
        -244.0576167,
        4.5228478
      ],
      [
        -243.6840816,
        4.4790627
      ],
      [
        -242.189941,
        4.1505921
      ],
      [
        -242.3876949,
        3.9972584
      ],
      [
        -242.1459956,
        3.668591
      ],
      [
        -242.4755855,
        3.4055695
      ],
      [
        -242.5634761,
        3.1205486
      ],
      [
        -242.2558589,
        2.7477134
      ],
      [
        -241.9116209,
        2.3076776
      ],
      [
        -242.1423338,
        2.0004508
      ],
      [
        -242.1423338,
        1.802917
      ],
      [
        -241.9226072,
        1.7151172
      ],
      [
        -241.5270994,
        1.4077873
      ],
      [
        -241.1572261,
        1.1077356
      ],
      [
        -241.0034175,
        0.965017
      ],
      [
        -241.2341304,
        0.7893552
      ],
      [
        -241.5856929,
        0.7783761
      ],
      [
        -241.9262691,
        0.8662082
      ],
      [
        -242.0471187,
        0.8222924
      ],
      [
        -242.2009273,
        0.8113134
      ],
      [
        -242.3876949,
        0.4599706
      ],
      [
        -242.5305171,
        -0.0121712
      ],
      [
        -242.5305171,
        -0.3964735
      ],
      [
        -242.3547359,
        -0.56117
      ],
      [
        -242.5085445,
        -0.86859
      ],
      [
        -242.7062984,
        -0.9344628
      ],
      [
        -242.9699703,
        -1.1650072
      ],
      [
        -243.1677242,
        -1.3077159
      ],
      [
        -243.464355,
        -1.4613932
      ],
      [
        -243.4753413,
        -1.6370114
      ],
      [
        -243.7939449,
        -1.8345634
      ],
      [
        -243.5192867,
        -1.8711446
      ],
      [
        -243.5412593,
        -2.0686705
      ],
      [
        -243.4167475,
        -2.2881151
      ],
      [
        -243.4716791,
        -2.5404343
      ],
      [
        -243.6145014,
        -2.5623728
      ],
      [
        -243.669433,
        -2.8475385
      ],
      [
        -243.735351,
        -3.0449199
      ],
      [
        -243.8671869,
        -3.1545608
      ],
      [
        -243.6914057,
        -3.3628463
      ],
      [
        -243.5595698,
        -3.4614925
      ],
      [
        -243.702392,
        -3.8011934
      ],
      [
        -243.7463373,
        -3.9983784
      ],
      [
        -243.940429,
        -4.1115558
      ],
      [
        -243.9184564,
        -3.7938891
      ],
      [
        -244.006347,
        -3.6514483
      ],
      [
        -244.1271966,
        -3.6514483
      ],
      [
        -244.5556634,
        -3.8596232
      ],
      [
        -245.3576653,
        -4.1882153
      ],
      [
        -245.4016107,
        -3.9253521
      ],
      [
        -245.3576653,
        -3.6185741
      ],
      [
        -245.5334466,
        -3.5089849
      ],
      [
        -245.9069818,
        -3.3336156
      ],
      [
        -246.082763,
        -3.4103437
      ],
      [
        -246.3464349,
        -3.4870655
      ],
      [
        -246.4343255,
        -3.3664998
      ],
      [
        -246.4013665,
        -3.2020681
      ],
      [
        -246.5661614,
        -3.191105
      ],
      [
        -246.6540521,
        -3.267844
      ],
      [
        -246.9177239,
        -3.0705036
      ],
      [
        -247.0056146,
        -2.9937501
      ],
      [
        -247.0715325,
        -3.1691785
      ],
      [
        -246.9836419,
        -3.1801418
      ],
      [
        -247.4121087,
        -3.4541855
      ],
      [
        -247.5439446,
        -3.3993829
      ],
      [
        -247.7416985,
        -3.3336156
      ],
      [
        -248.0969231,
        -3.5272506
      ],
      [
        -248.228759,
        -3.5601281
      ],
      [
        -248.1738274,
        -3.362846
      ],
      [
        -248.2067864,
        -3.1435969
      ],
      [
        -248.1848137,
        -2.9681643
      ],
      [
        -248.3056633,
        -2.8365715
      ],
      [
        -248.4704583,
        -3.0668487
      ],
      [
        -248.6242669,
        -2.9133358
      ],
      [
        -248.931884,
        -3.077813
      ],
      [
        -249.096679,
        -3.0449196
      ],
      [
        -249.2175286,
        -2.9791297
      ],
      [
        -249.3933098,
        -3.0558842
      ],
      [
        -249.4152825,
        -2.8804374
      ],
      [
        -249.6459954,
        -2.9462332
      ],
      [
        -249.7448723,
        -2.9571988
      ],
      [
        -249.766845,
        -2.7268993
      ],
      [
        -249.8327629,
        -2.3978245
      ],
      [
        -249.8876946,
        -2.2222848
      ],
      [
        -249.8767083,
        -1.9808841
      ],
      [
        -250.1074211,
        -1.8711446
      ],
      [
        -249.9645989,
        -1.6845719
      ],
      [
        -249.9426262,
        -1.4321219
      ],
      [
        -250.0964348,
        -1.1906219
      ],
      [
        -250.2282708,
        -1.0588855
      ],
      [
        -250.404052,
        -1.2564878
      ],
      [
        -250.5798333,
        -1.3223521
      ],
      [
        -250.5358879,
        -1.0479072
      ],
      [
        -250.3930657,
        -0.9930151
      ],
      [
        -250.5578606,
        -0.8722494
      ],
      [
        -250.6237786,
        -0.9161647
      ],
      [
        -250.7556145,
        -0.7734382
      ],
      [
        -250.6237786,
        -0.6856041
      ],
      [
        -250.8105461,
        -0.5428703
      ],
      [
        -250.9533684,
        -0.2903336
      ],
      [
        -250.8105461,
        -0.0487715
      ],
      [
        -250.8435051,
        0.2147517
      ],
      [
        -251.0888666,
        0.4636309
      ],
      [
        -251.0778802,
        0.7051816
      ],
      [
        -251.0229486,
        0.968677
      ],
      [
        -251.0778802,
        1.1443295
      ],
      [
        -250.9240717,
        1.2870394
      ],
      [
        -250.968017,
        1.4846243
      ],
      [
        -250.7263177,
        1.6163379
      ],
      [
        -250.5944818,
        1.8907129
      ],
      [
        -250.4406732,
        1.9346091
      ]
    ]
  ],
  "type": "LineString"
}