-218.7890607, -9.1493675
-218.7890607, -7.9332534
-218.7011701, -7.2802453
-218.9648420, -6.8879781
-218.6132795, -6.2334867
-218.6572248, -2.7311356
-219.6313468, -2.4642543
-220.1806632, -2.3106656
-221.0595694, -2.0473326
-221.8725577, -1.6522538
-222.0703116, -1.5205425
-222.8393546, -1.8278552
-222.8393546, -2.0473326
-223.4985343, -2.3106656
-223.8940421, -2.6616993
-224.3115225, -3.1442047
-224.6850577, -3.4949795
-225.2563468, -3.1442047
-225.4980460, -2.5739497
-225.6957999, -2.3545498
-225.9374991, -1.8717530
-225.8056632, -1.6083510
-225.7617179, -1.2790513
-226.0253897, -0.8618792
-226.2670889, -0.7740469
-226.6406241, -0.6862128
-227.1313470, -0.4739403
-227.6147454, -0.4519808
-227.8784173, -0.4958999
-228.1420892, -0.7594076
-228.5156243, -0.8033241
-228.7353509, -1.1985486
-229.0209954, -0.9789853
-229.2407220, -0.8033241
-229.4165032, -0.8911557
-229.1748040, -1.1985486
-228.8232415, -1.5937160
-228.4057610, -1.5498119
-228.1860345, -1.5937160
-228.0102532, -1.8571201
-227.7905267, -2.1643747
-227.3510735, -2.2302072
-226.8457025, -2.2082634
-226.2524407, -2.2960368
-226.1645501, -2.5593237
-226.6479485, -2.3838047
-227.0434564, -2.3838047
-227.1533196, -2.7786885
-227.5268548, -2.7786885
-227.7685540, -2.6470743
-227.8784173, -2.8225566
-227.5268548, -3.0857299
-227.1093743, -3.5022856
-227.0874017, -3.9843802
-226.6479485, -4.0500993
-226.5820306, -3.5899586
-226.2963860, -3.3926827
-225.9448235, -3.9405646
-225.4174798, -4.1158130
-224.9560540, -4.4661925
-224.1650384, -4.4880858
-222.9711912, -5.0789463
-222.1801756, -5.2757826
-221.8725584, -5.7129699
-221.4257808, -6.5084102
-221.0742183, -7.2932479
-221.6455074, -7.5545624
-222.1289058, -8.0332248
-222.3486324, -8.2506142
-221.2060542, -8.4244398
-220.6347652, -8.4244398
-219.9316402, -8.1636726
-219.4921871, -8.6416119
-218.8769527, -8.9454421
{
  "coordinates": [
    [
      [
        -218.7890607,
        -9.1493675
      ],
      [
        -218.7890607,
        -7.9332534
      ],
      [
        -218.7011701,
        -7.2802453
      ],
      [
        -218.964842,
        -6.8879781
      ],
      [
        -218.6132795,
        -6.2334867
      ],
      [
        -218.6572248,
        -2.7311356
      ],
      [
        -219.6313468,
        -2.4642543
      ],
      [
        -220.1806632,
        -2.3106656
      ],
      [
        -221.0595694,
        -2.0473326
      ],
      [
        -221.8725577,
        -1.6522538
      ],
      [
        -222.0703116,
        -1.5205425
      ],
      [
        -222.8393546,
        -1.8278552
      ],
      [
        -222.8393546,
        -2.0473326
      ],
      [
        -223.4985343,
        -2.3106656
      ],
      [
        -223.8940421,
        -2.6616993
      ],
      [
        -224.3115225,
        -3.1442047
      ],
      [
        -224.6850577,
        -3.4949795
      ],
      [
        -225.2563468,
        -3.1442047
      ],
      [
        -225.498046,
        -2.5739497
      ],
      [
        -225.6957999,
        -2.3545498
      ],
      [
        -225.9374991,
        -1.871753
      ],
      [
        -225.8056632,
        -1.608351
      ],
      [
        -225.7617179,
        -1.2790513
      ],
      [
        -226.0253897,
        -0.8618792
      ],
      [
        -226.2670889,
        -0.7740469
      ],
      [
        -226.6406241,
        -0.6862128
      ],
      [
        -227.131347,
        -0.4739403
      ],
      [
        -227.6147454,
        -0.4519808
      ],
      [
        -227.8784173,
        -0.4958999
      ],
      [
        -228.1420892,
        -0.7594076
      ],
      [
        -228.5156243,
        -0.8033241
      ],
      [
        -228.7353509,
        -1.1985486
      ],
      [
        -229.0209954,
        -0.9789853
      ],
      [
        -229.240722,
        -0.8033241
      ],
      [
        -229.4165032,
        -0.8911557
      ],
      [
        -229.174804,
        -1.1985486
      ],
      [
        -228.8232415,
        -1.593716
      ],
      [
        -228.405761,
        -1.5498119
      ],
      [
        -228.1860345,
        -1.593716
      ],
      [
        -228.0102532,
        -1.8571201
      ],
      [
        -227.7905267,
        -2.1643747
      ],
      [
        -227.3510735,
        -2.2302072
      ],
      [
        -226.8457025,
        -2.2082634
      ],
      [
        -226.2524407,
        -2.2960368
      ],
      [
        -226.1645501,
        -2.5593237
      ],
      [
        -226.6479485,
        -2.3838047
      ],
      [
        -227.0434564,
        -2.3838047
      ],
      [
        -227.1533196,
        -2.7786885
      ],
      [
        -227.5268548,
        -2.7786885
      ],
      [
        -227.768554,
        -2.6470743
      ],
      [
        -227.8784173,
        -2.8225566
      ],
      [
        -227.5268548,
        -3.0857299
      ],
      [
        -227.1093743,
        -3.5022856
      ],
      [
        -227.0874017,
        -3.9843802
      ],
      [
        -226.6479485,
        -4.0500993
      ],
      [
        -226.5820306,
        -3.5899586
      ],
      [
        -226.296386,
        -3.3926827
      ],
      [
        -225.9448235,
        -3.9405646
      ],
      [
        -225.4174798,
        -4.115813
      ],
      [
        -224.956054,
        -4.4661925
      ],
      [
        -224.1650384,
        -4.4880858
      ],
      [
        -222.9711912,
        -5.0789463
      ],
      [
        -222.1801756,
        -5.2757826
      ],
      [
        -221.8725584,
        -5.7129699
      ],
      [
        -221.4257808,
        -6.5084102
      ],
      [
        -221.0742183,
        -7.2932479
      ],
      [
        -221.6455074,
        -7.5545624
      ],
      [
        -222.1289058,
        -8.0332248
      ],
      [
        -222.3486324,
        -8.2506142
      ],
      [
        -221.2060542,
        -8.4244398
      ],
      [
        -220.6347652,
        -8.4244398
      ],
      [
        -219.9316402,
        -8.1636726
      ],
      [
        -219.4921871,
        -8.6416119
      ],
      [
        -218.8769527,
        -8.9454421
      ]
    ]
  ],
  "type": "LineString"
}